0	4	15	6	11	9	12	2	18	7
4	0	2	8	10	15	19	17	7	4
15	2	0	5	9	6	18	1	6	17
6	8	5	0	18	12	7	10	13	19
11	10	9	18	0	1	10	8	1	9
9	15	6	12	1	0	6	9	15	4
12	19	18	7	10	6	0	5	2	8
2	17	1	10	8	9	5	0	16	5
18	7	6	13	1	15	2	16	0	19
7	4	17	19	9	4	8	5	19	0